task1_precision:0.5350877192982456
task1_recall:0.5570776255707762
task1_f1:0.5458612975391499
