task1_precision:0.4957894736842105
task1_recall:0.4190391459074733
task1_f1:0.4541947926711668
