task1_precision:0.6578947368421053
task1_recall:0.47619047619047616
task1_f1:0.5524861878453039
