task1_precision:0.09768637532133675
task1_recall:0.3619047619047619
task1_f1:0.15384615384615385
