task1_precision:0.47560975609756095
task1_recall:0.37142857142857144
task1_f1:0.41711229946524064
