task1_precision:0.10324483775811209
task1_recall:1.0
task1_f1:0.18716577540106952
