task1_precision:0.42990654205607476
task1_recall:0.4380952380952381
task1_f1:0.4339622641509434
