task1_precision:0.4067796610169492
task1_recall:0.45714285714285713
task1_f1:0.4304932735426009
