task1_precision:0.5982905982905983
task1_recall:0.5645161290322581
task1_f1:0.5809128630705395
