task1_precision:0.5882352941176471
task1_recall:0.30612244897959184
task1_f1:0.40268456375838924
