task1_precision:0.5652173913043478
task1_recall:0.49523809523809526
task1_f1:0.5279187817258884
