task1_precision:0.08372093023255814
task1_recall:0.34285714285714286
task1_f1:0.13457943925233645
