task1_precision:0.12903225806451613
task1_recall:0.0380952380952381
task1_f1:0.058823529411764705
