task1_precision:0.5829787234042553
task1_recall:0.43217665615141954
task1_f1:0.4963768115942029
