task1_precision:0.647887323943662
task1_recall:0.4380952380952381
task1_f1:0.5227272727272727
