task1_precision:0.08415841584158416
task1_recall:0.032567049808429116
task1_f1:0.04696132596685083
