task1_precision:0.49038461538461536
task1_recall:0.4857142857142857
task1_f1:0.4880382775119617
