task1_precision:0.2894736842105263
task1_recall:0.2661290322580645
task1_f1:0.2773109243697479
