task1_precision:0.2660098522167488
task1_recall:0.04326923076923077
task1_f1:0.07443142660234321
